
Frames: 47
Frame: 0 17 "C4D Animation Take 178"
"Joint_1"  -0.0 0.0 0.0  0.0 0.0 0.0  0.0 0.0 0.0  0.0 0.0 0.0  1.0 1.0 1.0  m:{1.0 0.0 0.0 0.0  0.0 1.0 -0.0 0.0  -0.0 0.0 1.0 0.0  0.000003 -0.000003 0.000001 1.0 }
"Joint_2"  -0.0 0.0 0.0  0.0 0.0 0.0  0.0 0.0 0.0  0.0 0.0 0.0  1.0 1.0 1.0  m:{0.996039 -0.001137 0.088908 0.0  -0.019582 0.972562 0.23182 0.0  -0.086732 -0.232642 0.968687 0.0  2.605375 7.251661 3.447536 1.0 }
"Joint_3"  -0.0 0.0 0.0  0.0 0.0 0.0  0.0 0.0 0.0  0.0 0.0 0.0  1.0 1.0 1.0  m:{0.96104 -0.090794 -0.261071 0.0  0.196391 0.888934 0.413795 0.0  0.194505 -0.448946 0.872132 0.0  -2.72048 10.49272 8.472484 1.0 }
"Joint_4"  -0.0 0.0 0.0  0.0 0.0 0.0  0.0 0.0 0.0  0.0 0.0 0.0  1.0 1.0 1.0  m:{0.99754 0.044321 -0.054318 0.0  -0.036869 0.990663 0.131251 0.0  0.059628 -0.128925 0.98986 0.0  -2.060575 2.934945 2.484155 1.0 }
"Joint_2_2"  -0.0 0.0 0.0  0.0 0.0 0.0  0.0 0.0 0.0  0.0 0.0 0.0  1.0 1.0 1.0  m:{0.998029 0.035199 0.051946 0.0  -0.018081 0.954058 -0.299077 0.0  -0.060086 0.297548 0.952814 0.0  2.077815 -9.028146 4.283691 1.0 }
"Joint_3_2"  -0.0 0.0 0.0  0.0 0.0 0.0  0.0 0.0 0.0  0.0 0.0 0.0  1.0 1.0 1.0  m:{0.986649 0.033701 -0.159337 0.0  -0.09326 0.918981 -0.383115 0.0  0.133517 0.392859 0.909854 0.0  -2.325298 -9.332707 7.315254 1.0 }
"Joint_4_2"  -0.0 0.0 0.0  0.0 0.0 0.0  0.0 0.0 0.0  0.0 0.0 0.0  1.0 1.0 1.0  m:{0.999599 -0.022306 -0.017443 0.0  0.021705 0.99919 -0.033888 0.0  0.018185 0.033496 0.999273 0.0  -0.808097 -0.808019 0.583151 1.0 }
"Joint_2_3"  -0.0 0.0 0.0  0.0 0.0 0.0  0.0 0.0 0.0  0.0 0.0 0.0  1.0 1.0 1.0  m:{1.0 0.0 -0.0 0.0  -0.0 1.0 0.0 0.0  0.0 -0.0 1.0 0.0  -0.000003 0.000003 -0.000001 1.0 }
"Joint_3_3"  -0.0 0.0 0.0  0.0 0.0 0.0  0.0 0.0 0.0  0.0 0.0 0.0  1.0 1.0 1.0  m:{1.0 -0.0 0.0 0.0  0.0 1.0 -0.0 0.0  -0.0 0.0 1.0 0.0  0.000001 -0.000001 -0.0 1.0 }
"Joint_4_3"  -0.0 0.0 0.0  0.0 0.0 0.0  0.0 0.0 0.0  0.0 0.0 0.0  1.0 1.0 1.0
"Joint_5_3"  -0.0 0.0 0.0  0.0 0.0 0.0  0.0 0.0 0.0  0.0 0.0 0.0  1.0 1.0 1.0
"Joint_3_4"  -0.0 0.0 0.0  0.0 0.0 0.0  0.0 0.0 0.0  0.0 0.0 0.0  1.0 1.0 1.0
"Joint_4_4"  -0.0 0.0 0.0  0.0 0.0 0.0  0.0 0.0 0.0  0.0 0.0 0.0  1.0 1.0 1.0
"Joint_5_4"  -0.0 0.0 0.0  0.0 0.0 0.0  0.0 0.0 0.0  0.0 0.0 0.0  1.0 1.0 1.0
"Joint_2_4"  -0.0 0.0 0.0  0.0 0.0 0.0  0.0 0.0 0.0  0.0 0.0 0.0  1.0 1.0 1.0  m:{0.989401 0.051459 0.135789 0.0  -0.053134 0.998549 0.008738 0.0  -0.135142 -0.01586 0.990699 0.0  5.222948 0.709493 0.609497 1.0 }
"Joint_3_5"  -0.0 0.0 0.0  0.0 0.0 0.0  0.0 0.0 0.0  0.0 0.0 0.0  1.0 1.0 1.0  m:{0.97731 -0.011677 -0.211494 0.0  0.011201 0.999931 -0.003452 0.0  0.21152 0.001005 0.977373 0.0  -8.246703 -0.060372 0.490354 1.0 }
"basemesh_tr0"  -0.0 0.0 0.0  0.0 0.0 0.0  0.0 0.0 0.0  0.0 0.0 0.0  1.0 1.0 1.0
Frame: 1 17 "C4D Animation Take 179"
"Joint_1"  -0.0 0.0 0.0  0.0 0.0 0.0  0.0 0.0 0.0  0.0 0.0 0.0  1.0 1.0 1.0  m:{1.0 0.0 0.0 0.0  0.0 1.0 -0.0 0.0  -0.0 0.0 1.0 0.0  0.000003 -0.000003 0.000001 1.0 }
"Joint_2"  -0.0 0.0 0.0  0.0 0.0 0.0  0.0 0.0 0.0  0.0 0.0 0.0  1.0 1.0 1.0  m:{0.996039 -0.001137 0.088908 0.0  -0.019582 0.972562 0.23182 0.0  -0.086732 -0.232642 0.968687 0.0  2.605375 7.251661 3.447536 1.0 }
"Joint_3"  -0.0 0.0 0.0  0.0 0.0 0.0  0.0 0.0 0.0  0.0 0.0 0.0  1.0 1.0 1.0  m:{0.96104 -0.090794 -0.261071 0.0  0.196391 0.888934 0.413795 0.0  0.194505 -0.448946 0.872132 0.0  -2.72048 10.49272 8.472484 1.0 }
"Joint_4"  -0.0 0.0 0.0  0.0 0.0 0.0  0.0 0.0 0.0  0.0 0.0 0.0  1.0 1.0 1.0  m:{0.99754 0.044321 -0.054318 0.0  -0.036869 0.990663 0.131251 0.0  0.059628 -0.128925 0.98986 0.0  -2.060575 2.934945 2.484155 1.0 }
"Joint_2_2"  -0.0 0.0 0.0  0.0 0.0 0.0  0.0 0.0 0.0  0.0 0.0 0.0  1.0 1.0 1.0  m:{0.998029 0.035199 0.051946 0.0  -0.018081 0.954058 -0.299077 0.0  -0.060086 0.297548 0.952814 0.0  2.077815 -9.028146 4.283691 1.0 }
"Joint_3_2"  -0.0 0.0 0.0  0.0 0.0 0.0  0.0 0.0 0.0  0.0 0.0 0.0  1.0 1.0 1.0  m:{0.986649 0.033701 -0.159337 0.0  -0.09326 0.918981 -0.383115 0.0  0.133517 0.392859 0.909854 0.0  -2.325298 -9.332707 7.315254 1.0 }
"Joint_4_2"  -0.0 0.0 0.0  0.0 0.0 0.0  0.0 0.0 0.0  0.0 0.0 0.0  1.0 1.0 1.0  m:{0.999599 -0.022306 -0.017443 0.0  0.021705 0.99919 -0.033888 0.0  0.018185 0.033496 0.999273 0.0  -0.808097 -0.808019 0.583151 1.0 }
"Joint_2_3"  -0.0 0.0 0.0  0.0 0.0 0.0  0.0 0.0 0.0  0.0 0.0 0.0  1.0 1.0 1.0  m:{1.0 0.0 -0.0 0.0  -0.0 1.0 0.0 0.0  0.0 -0.0 1.0 0.0  -0.000003 0.000003 -0.000001 1.0 }
"Joint_3_3"  -0.0 0.0 0.0  0.0 0.0 0.0  0.0 0.0 0.0  0.0 0.0 0.0  1.0 1.0 1.0  m:{1.0 -0.0 0.0 0.0  0.0 1.0 -0.0 0.0  -0.0 0.0 1.0 0.0  0.000001 -0.000001 -0.0 1.0 }
"Joint_4_3"  -0.0 0.0 0.0  0.0 0.0 0.0  0.0 0.0 0.0  0.0 0.0 0.0  1.0 1.0 1.0
"Joint_5_3"  -0.0 0.0 0.0  0.0 0.0 0.0  0.0 0.0 0.0  0.0 0.0 0.0  1.0 1.0 1.0
"Joint_3_4"  -0.0 0.0 0.0  0.0 0.0 0.0  0.0 0.0 0.0  0.0 0.0 0.0  1.0 1.0 1.0
"Joint_4_4"  -0.0 0.0 0.0  0.0 0.0 0.0  0.0 0.0 0.0  0.0 0.0 0.0  1.0 1.0 1.0
"Joint_5_4"  -0.0 0.0 0.0  0.0 0.0 0.0  0.0 0.0 0.0  0.0 0.0 0.0  1.0 1.0 1.0
"Joint_2_4"  -0.0 0.0 0.0  0.0 0.0 0.0  0.0 0.0 0.0  0.0 0.0 0.0  1.0 1.0 1.0  m:{0.989401 0.051459 0.135789 0.0  -0.053134 0.998549 0.008738 0.0  -0.135142 -0.01586 0.990699 0.0  5.222948 0.709493 0.609497 1.0 }
"Joint_3_5"  -0.0 0.0 0.0  0.0 0.0 0.0  0.0 0.0 0.0  0.0 0.0 0.0  1.0 1.0 1.0  m:{0.97731 -0.011677 -0.211494 0.0  0.011201 0.999931 -0.003452 0.0  0.21152 0.001005 0.977373 0.0  -8.246703 -0.060372 0.490354 1.0 }
"basemesh_tr0"  -0.0 0.0 0.0  0.0 0.0 0.0  0.0 0.0 0.0  0.0 0.0 0.0  1.0 1.0 1.0
Frame: 2 17 "C4D Animation Take 180"
"Joint_1"  -0.0 0.0 0.0  0.0 0.0 0.0  0.0 0.0 0.0  0.0 0.0 0.0  1.0 1.0 1.0  m:{1.0 0.0 0.0 0.0  0.0 1.0 -0.0 0.0  -0.0 0.0 1.0 0.0  0.000003 -0.000003 0.000001 1.0 }
"Joint_2"  -0.0 0.0 0.0  0.0 0.0 0.0  0.0 0.0 0.0  0.0 0.0 0.0  1.0 1.0 1.0  m:{0.996039 -0.001137 0.088908 0.0  -0.019582 0.972562 0.23182 0.0  -0.086732 -0.232642 0.968687 0.0  2.605375 7.251661 3.447536 1.0 }
"Joint_3"  -0.0 0.0 0.0  0.0 0.0 0.0  0.0 0.0 0.0  0.0 0.0 0.0  1.0 1.0 1.0  m:{0.96104 -0.090794 -0.261071 0.0  0.196391 0.888934 0.413795 0.0  0.194505 -0.448946 0.872132 0.0  -2.72048 10.49272 8.472484 1.0 }
"Joint_4"  -0.0 0.0 0.0  0.0 0.0 0.0  0.0 0.0 0.0  0.0 0.0 0.0  1.0 1.0 1.0  m:{0.99754 0.044321 -0.054318 0.0  -0.036869 0.990663 0.131251 0.0  0.059628 -0.128925 0.98986 0.0  -2.060575 2.934945 2.484155 1.0 }
"Joint_2_2"  -0.0 0.0 0.0  0.0 0.0 0.0  0.0 0.0 0.0  0.0 0.0 0.0  1.0 1.0 1.0  m:{0.998029 0.035199 0.051946 0.0  -0.018081 0.954058 -0.299077 0.0  -0.060086 0.297548 0.952814 0.0  2.077815 -9.028146 4.283691 1.0 }
"Joint_3_2"  -0.0 0.0 0.0  0.0 0.0 0.0  0.0 0.0 0.0  0.0 0.0 0.0  1.0 1.0 1.0  m:{0.986649 0.033701 -0.159337 0.0  -0.09326 0.918981 -0.383115 0.0  0.133517 0.392859 0.909854 0.0  -2.325298 -9.332707 7.315254 1.0 }
"Joint_4_2"  -0.0 0.0 0.0  0.0 0.0 0.0  0.0 0.0 0.0  0.0 0.0 0.0  1.0 1.0 1.0  m:{0.999599 -0.022306 -0.017443 0.0  0.021705 0.99919 -0.033888 0.0  0.018185 0.033496 0.999273 0.0  -0.808097 -0.808019 0.583151 1.0 }
"Joint_2_3"  -0.0 0.0 0.0  0.0 0.0 0.0  0.0 0.0 0.0  0.0 0.0 0.0  1.0 1.0 1.0  m:{1.0 0.0 -0.0 0.0  -0.0 1.0 0.0 0.0  0.0 -0.0 1.0 0.0  -0.000003 0.000003 -0.000001 1.0 }
"Joint_3_3"  -0.0 0.0 0.0  0.0 0.0 0.0  0.0 0.0 0.0  0.0 0.0 0.0  1.0 1.0 1.0  m:{1.0 -0.0 0.0 0.0  0.0 1.0 -0.0 0.0  -0.0 0.0 1.0 0.0  0.000001 -0.000001 -0.0 1.0 }
"Joint_4_3"  -0.0 0.0 0.0  0.0 0.0 0.0  0.0 0.0 0.0  0.0 0.0 0.0  1.0 1.0 1.0
"Joint_5_3"  -0.0 0.0 0.0  0.0 0.0 0.0  0.0 0.0 0.0  0.0 0.0 0.0  1.0 1.0 1.0
"Joint_3_4"  -0.0 0.0 0.0  0.0 0.0 0.0  0.0 0.0 0.0  0.0 0.0 0.0  1.0 1.0 1.0
"Joint_4_4"  -0.0 0.0 0.0  0.0 0.0 0.0  0.0 0.0 0.0  0.0 0.0 0.0  1.0 1.0 1.0
"Joint_5_4"  -0.0 0.0 0.0  0.0 0.0 0.0  0.0 0.0 0.0  0.0 0.0 0.0  1.0 1.0 1.0
"Joint_2_4"  -0.0 0.0 0.0  0.0 0.0 0.0  0.0 0.0 0.0  0.0 0.0 0.0  1.0 1.0 1.0  m:{0.989401 0.051459 0.135789 0.0  -0.053134 0.998549 0.008738 0.0  -0.135142 -0.01586 0.990699 0.0  5.222948 0.709493 0.609497 1.0 }
"Joint_3_5"  -0.0 0.0 0.0  0.0 0.0 0.0  0.0 0.0 0.0  0.0 0.0 0.0  1.0 1.0 1.0  m:{0.97731 -0.011677 -0.211494 0.0  0.011201 0.999931 -0.003452 0.0  0.21152 0.001005 0.977373 0.0  -8.246703 -0.060372 0.490354 1.0 }
"basemesh_tr0"  -0.0 0.0 0.0  0.0 0.0 0.0  0.0 0.0 0.0  0.0 0.0 0.0  1.0 1.0 1.0
Frame: 3 17 "C4D Animation Take 181"
"Joint_1"  -0.0 0.0 0.0  0.0 0.0 0.0  0.0 0.0 0.0  0.0 0.0 0.0  1.0 1.0 1.0  m:{1.0 0.0 0.0 0.0  0.0 1.0 -0.0 0.0  -0.0 0.0 1.0 0.0  0.000003 -0.000003 0.000001 1.0 }
"Joint_2"  -0.0 0.0 0.0  0.0 0.0 0.0  0.0 0.0 0.0  0.0 0.0 0.0  1.0 1.0 1.0  m:{0.992962 -0.043459 0.110174 0.0  0.016787 0.972496 0.232313 0.0  -0.11724 -0.228828 0.966381 0.0  3.921437 7.007027 3.586051 1.0 }
"Joint_3"  -0.0 0.0 0.0  0.0 0.0 0.0  0.0 0.0 0.0  0.0 0.0 0.0  1.0 1.0 1.0  m:{0.95262 -0.101969 -0.286563 0.0  0.217046 0.887919 0.405574 0.0  0.213089 -0.448555 0.867981 0.0  -2.967684 10.436081 8.399691 1.0 }
"Joint_4"  -0.0 0.0 0.0  0.0 0.0 0.0  0.0 0.0 0.0  0.0 0.0 0.0  1.0 1.0 1.0  m:{0.997736 0.046347 -0.048725 0.0  -0.040097 0.991692 0.122225 0.0  0.053985 -0.119995 0.991306 0.0  -1.985883 2.748118 2.299317 1.0 }
"Joint_2_2"  -0.0 0.0 0.0  0.0 0.0 0.0  0.0 0.0 0.0  0.0 0.0 0.0  1.0 1.0 1.0  m:{0.997864 0.035562 0.054789 0.0  -0.017624 0.954273 -0.298418 0.0  -0.062896 0.296815 0.952861 0.0  2.16364 -9.005507 4.284657 1.0 }
"Joint_3_2"  -0.0 0.0 0.0  0.0 0.0 0.0  0.0 0.0 0.0  0.0 0.0 0.0  1.0 1.0 1.0  m:{0.986649 0.033701 -0.159337 0.0  -0.09326 0.918981 -0.383115 0.0  0.133517 0.392859 0.909854 0.0  -2.325298 -9.332707 7.315254 1.0 }
"Joint_4_2"  -0.0 0.0 0.0  0.0 0.0 0.0  0.0 0.0 0.0  0.0 0.0 0.0  1.0 1.0 1.0  m:{0.999599 -0.022306 -0.017443 0.0  0.021705 0.99919 -0.033888 0.0  0.018185 0.033496 0.999273 0.0  -0.808097 -0.808019 0.583151 1.0 }
"Joint_2_3"  -0.0 0.0 0.0  0.0 0.0 0.0  0.0 0.0 0.0  0.0 0.0 0.0  1.0 1.0 1.0  m:{1.0 0.0 -0.0 0.0  -0.0 1.0 0.0 0.0  0.0 -0.0 1.0 0.0  -0.000003 0.000003 -0.000001 1.0 }
"Joint_3_3"  -0.0 0.0 0.0  0.0 0.0 0.0  0.0 0.0 0.0  0.0 0.0 0.0  1.0 1.0 1.0  m:{1.0 -0.0 0.0 0.0  0.0 1.0 -0.0 0.0  -0.0 0.0 1.0 0.0  0.000001 -0.000001 -0.0 1.0 }
"Joint_4_3"  -0.0 0.0 0.0  0.0 0.0 0.0  0.0 0.0 0.0  0.0 0.0 0.0  1.0 1.0 1.0
"Joint_5_3"  -0.0 0.0 0.0  0.0 0.0 0.0  0.0 0.0 0.0  0.0 0.0 0.0  1.0 1.0 1.0
"Joint_3_4"  -0.0 0.0 0.0  0.0 0.0 0.0  0.0 0.0 0.0  0.0 0.0 0.0  1.0 1.0 1.0
"Joint_4_4"  -0.0 0.0 0.0  0.0 0.0 0.0  0.0 0.0 0.0  0.0 0.0 0.0  1.0 1.0 1.0
"Joint_5_4"  -0.0 0.0 0.0  0.0 0.0 0.0  0.0 0.0 0.0  0.0 0.0 0.0  1.0 1.0 1.0
"Joint_2_4"  -0.0 0.0 0.0  0.0 0.0 0.0  0.0 0.0 0.0  0.0 0.0 0.0  1.0 1.0 1.0  m:{0.988577 0.055821 0.139997 0.0  -0.058328 0.998201 0.013869 0.0  -0.138971 -0.021877 0.990055 0.0  5.369945 0.950866 0.642202 1.0 }
"Joint_3_5"  -0.0 0.0 0.0  0.0 0.0 0.0  0.0 0.0 0.0  0.0 0.0 0.0  1.0 1.0 1.0  m:{0.97731 -0.011677 -0.211494 0.0  0.011201 0.999931 -0.003452 0.0  0.21152 0.001005 0.977373 0.0  -8.246703 -0.060372 0.490354 1.0 }
"basemesh_tr0"  -0.0 0.0 0.0  0.0 0.0 0.0  0.0 0.0 0.0  0.0 0.0 0.0  1.0 1.0 1.0
Frame: 4 17 "C4D Animation Take 182"
"Joint_1"  -0.0 0.0 0.0  0.0 0.0 0.0  0.0 0.0 0.0  0.0 0.0 0.0  1.0 1.0 1.0  m:{1.0 0.0 0.0 0.0  0.0 1.0 -0.0 0.0  -0.0 0.0 1.0 0.0  0.000003 -0.000003 0.000001 1.0 }
"Joint_2"  -0.0 0.0 0.0  0.0 0.0 0.0  0.0 0.0 0.0  0.0 0.0 0.0  1.0 1.0 1.0  m:{0.976091 -0.091853 0.197001 0.0  0.053357 0.979848 0.192487 0.0  -0.210711 -0.177373 0.961322 0.0  7.230442 5.276333 3.61965 1.0 }
"Joint_3"  -0.0 0.0 0.0  0.0 0.0 0.0  0.0 0.0 0.0  0.0 0.0 0.0  1.0 1.0 1.0  m:{0.946015 -0.10867 -0.305363 0.0  0.231774 0.885387 0.402952 0.0  0.226575 -0.451974 0.862777 0.0  -3.152108 10.475525 8.452232 1.0 }
"Joint_4"  -0.0 0.0 0.0  0.0 0.0 0.0  0.0 0.0 0.0  0.0 0.0 0.0  1.0 1.0 1.0  m:{0.997865 0.047925 -0.04437 0.0  -0.042539 0.992426 0.115246 0.0  0.049557 -0.113112 0.992346 0.0  -1.925705 2.603114 2.158276 1.0 }
"Joint_2_2"  -0.0 0.0 0.0  0.0 0.0 0.0  0.0 0.0 0.0  0.0 0.0 0.0  1.0 1.0 1.0  m:{0.997283 0.036708 0.063876 0.0  -0.016171 0.954954 -0.296314 0.0  -0.071876 0.294476 0.952952 0.0  2.437883 -8.933283 4.289709 1.0 }
"Joint_3_2"  -0.0 0.0 0.0  0.0 0.0 0.0  0.0 0.0 0.0  0.0 0.0 0.0  1.0 1.0 1.0  m:{0.986649 0.033701 -0.159337 0.0  -0.09326 0.918981 -0.383115 0.0  0.133517 0.392859 0.909854 0.0  -2.325298 -9.332707 7.315254 1.0 }
"Joint_4_2"  -0.0 0.0 0.0  0.0 0.0 0.0  0.0 0.0 0.0  0.0 0.0 0.0  1.0 1.0 1.0  m:{0.999599 -0.022306 -0.017443 0.0  0.021705 0.99919 -0.033888 0.0  0.018185 0.033496 0.999273 0.0  -0.808097 -0.808019 0.583151 1.0 }
"Joint_2_3"  -0.0 0.0 0.0  0.0 0.0 0.0  0.0 0.0 0.0  0.0 0.0 0.0  1.0 1.0 1.0  m:{1.0 0.0 -0.0 0.0  -0.0 1.0 0.0 0.0  0.0 -0.0 1.0 0.0  -0.000003 0.000003 -0.000001 1.0 }
"Joint_3_3"  -0.0 0.0 0.0  0.0 0.0 0.0  0.0 0.0 0.0  0.0 0.0 0.0  1.0 1.0 1.0  m:{1.0 -0.0 0.0 0.0  0.0 1.0 -0.0 0.0  -0.0 0.0 1.0 0.0  0.000001 -0.000001 -0.0 1.0 }
"Joint_4_3"  -0.0 0.0 0.0  0.0 0.0 0.0  0.0 0.0 0.0  0.0 0.0 0.0  1.0 1.0 1.0
"Joint_5_3"  -0.0 0.0 0.0  0.0 0.0 0.0  0.0 0.0 0.0  0.0 0.0 0.0  1.0 1.0 1.0
"Joint_3_4"  -0.0 0.0 0.0  0.0 0.0 0.0  0.0 0.0 0.0  0.0 0.0 0.0  1.0 1.0 1.0
"Joint_4_4"  -0.0 0.0 0.0  0.0 0.0 0.0  0.0 0.0 0.0  0.0 0.0 0.0  1.0 1.0 1.0
"Joint_5_4"  -0.0 0.0 0.0  0.0 0.0 0.0  0.0 0.0 0.0  0.0 0.0 0.0  1.0 1.0 1.0
"Joint_2_4"  -0.0 0.0 0.0  0.0 0.0 0.0  0.0 0.0 0.0  0.0 0.0 0.0  1.0 1.0 1.0  m:{0.987646 0.058886 0.145215 0.0  -0.06251 0.997833 0.020519 0.0  -0.143692 -0.029343 0.989187 0.0  5.551381 1.246103 0.685409 1.0 }
"Joint_3_5"  -0.0 0.0 0.0  0.0 0.0 0.0  0.0 0.0 0.0  0.0 0.0 0.0  1.0 1.0 1.0  m:{0.97731 -0.011677 -0.211494 0.0  0.011201 0.999931 -0.003452 0.0  0.21152 0.001005 0.977373 0.0  -8.246703 -0.060372 0.490354 1.0 }
"basemesh_tr0"  -0.0 0.0 0.0  0.0 0.0 0.0  0.0 0.0 0.0  0.0 0.0 0.0  1.0 1.0 1.0
Frame: 5 17 "C4D Animation Take 183"
"Joint_1"  -0.0 0.0 0.0  0.0 0.0 0.0  0.0 0.0 0.0  0.0 0.0 0.0  1.0 1.0 1.0  m:{1.0 0.0 0.0 0.0  0.0 1.0 -0.0 0.0  -0.0 0.0 1.0 0.0  0.000003 -0.000003 0.000001 1.0 }
"Joint_2"  -0.0 0.0 0.0  0.0 0.0 0.0  0.0 0.0 0.0  0.0 0.0 0.0  1.0 1.0 1.0  m:{0.939733 -0.128452 0.316863 0.0  0.086214 0.985822 0.143951 0.0  -0.330862 -0.107958 0.937484 0.0  11.30902 2.98629 4.271307 1.0 }
"Joint_3"  -0.0 0.0 0.0  0.0 0.0 0.0  0.0 0.0 0.0  0.0 0.0 0.0  1.0 1.0 1.0  m:{0.941762 -0.110964 -0.317444 0.0  0.240751 0.88155 0.406088 0.0  0.234782 -0.458864 0.856926 0.0  -3.264798 10.604518 8.621206 1.0 }
"Joint_4"  -0.0 0.0 0.0  0.0 0.0 0.0  0.0 0.0 0.0  0.0 0.0 0.0  1.0 1.0 1.0  m:{0.997947 0.049112 -0.041096 0.0  -0.044335 0.992939 0.110026 0.0  0.04621 -0.107978 0.993079 0.0  -1.879318 2.494359 2.053861 1.0 }
"Joint_2_2"  -0.0 0.0 0.0  0.0 0.0 0.0  0.0 0.0 0.0  0.0 0.0 0.0  1.0 1.0 1.0  m:{0.996028 0.038679 0.080195 0.0  -0.013574 0.956147 -0.292572 0.0  -0.087995 0.290322 0.952875 0.0  2.929652 -8.805037 4.306788 1.0 }
"Joint_3_2"  -0.0 0.0 0.0  0.0 0.0 0.0  0.0 0.0 0.0  0.0 0.0 0.0  1.0 1.0 1.0  m:{0.986649 0.033701 -0.159337 0.0  -0.09326 0.918981 -0.383115 0.0  0.133517 0.392859 0.909854 0.0  -2.325298 -9.332707 7.315254 1.0 }
"Joint_4_2"  -0.0 0.0 0.0  0.0 0.0 0.0  0.0 0.0 0.0  0.0 0.0 0.0  1.0 1.0 1.0  m:{0.999599 -0.022306 -0.017443 0.0  0.021705 0.99919 -0.033888 0.0  0.018185 0.033496 0.999273 0.0  -0.808097 -0.808019 0.583151 1.0 }
"Joint_2_3"  -0.0 0.0 0.0  0.0 0.0 0.0  0.0 0.0 0.0  0.0 0.0 0.0  1.0 1.0 1.0  m:{1.0 0.0 -0.0 0.0  -0.0 1.0 0.0 0.0  0.0 -0.0 1.0 0.0  -0.000003 0.000003 -0.000001 1.0 }
"Joint_3_3"  -0.0 0.0 0.0  0.0 0.0 0.0  0.0 0.0 0.0  0.0 0.0 0.0  1.0 1.0 1.0  m:{1.0 -0.0 0.0 0.0  0.0 1.0 -0.0 0.0  -0.0 0.0 1.0 0.0  0.000001 -0.000001 -0.0 1.0 }
"Joint_4_3"  -0.0 0.0 0.0  0.0 0.0 0.0  0.0 0.0 0.0  0.0 0.0 0.0  1.0 1.0 1.0
"Joint_5_3"  -0.0 0.0 0.0  0.0 0.0 0.0  0.0 0.0 0.0  0.0 0.0 0.0  1.0 1.0 1.0
"Joint_3_4"  -0.0 0.0 0.0  0.0 0.0 0.0  0.0 0.0 0.0  0.0 0.0 0.0  1.0 1.0 1.0
"Joint_4_4"  -0.0 0.0 0.0  0.0 0.0 0.0  0.0 0.0 0.0  0.0 0.0 0.0  1.0 1.0 1.0
"Joint_5_4"  -0.0 0.0 0.0  0.0 0.0 0.0  0.0 0.0 0.0  0.0 0.0 0.0  1.0 1.0 1.0
"Joint_2_4"  -0.0 0.0 0.0  0.0 0.0 0.0  0.0 0.0 0.0  0.0 0.0 0.0  1.0 1.0 1.0  m:{0.986619 0.060703 0.151324 0.0  -0.06574 0.997429 0.028506 0.0  -0.149204 -0.038072 0.988073 0.0  5.763337 1.588065 0.73982 1.0 }
"Joint_3_5"  -0.0 0.0 0.0  0.0 0.0 0.0  0.0 0.0 0.0  0.0 0.0 0.0  1.0 1.0 1.0  m:{0.97731 -0.011677 -0.211494 0.0  0.011201 0.999931 -0.003452 0.0  0.21152 0.001005 0.977373 0.0  -8.246703 -0.060372 0.490354 1.0 }
"basemesh_tr0"  -0.0 0.0 0.0  0.0 0.0 0.0  0.0 0.0 0.0  0.0 0.0 0.0  1.0 1.0 1.0
Frame: 6 17 "C4D Animation Take 184"
"Joint_1"  -0.0 0.0 0.0  0.0 0.0 0.0  0.0 0.0 0.0  0.0 0.0 0.0  1.0 1.0 1.0  m:{1.0 0.0 0.0 0.0  0.0 1.0 -0.0 0.0  -0.0 0.0 1.0 0.0  0.000003 -0.000003 0.000001 1.0 }
"Joint_2"  -0.0 0.0 0.0  0.0 0.0 0.0  0.0 0.0 0.0  0.0 0.0 0.0  1.0 1.0 1.0  m:{0.88061 -0.144651 0.451222 0.0  0.111105 0.988751 0.100136 0.0  -0.460631 -0.038048 0.886776 0.0  15.557397 0.709855 5.876103 1.0 }
"Joint_3"  -0.0 0.0 0.0  0.0 0.0 0.0  0.0 0.0 0.0  0.0 0.0 0.0  1.0 1.0 1.0  m:{0.940161 -0.108955 -0.322841 0.0  0.244067 0.876496 0.414953 0.0  0.237758 -0.468917 0.85064 0.0  -3.304978 10.815557 8.900338 1.0 }
"Joint_4"  -0.0 0.0 0.0  0.0 0.0 0.0  0.0 0.0 0.0  0.0 0.0 0.0  1.0 1.0 1.0  m:{0.997999 0.049958 -0.038763 0.0  -0.045593 0.993286 0.10632 0.0  0.043814 -0.10434 0.993576 0.0  -1.845673 2.417 1.980297 1.0 }
"Joint_2_2"  -0.0 0.0 0.0  0.0 0.0 0.0  0.0 0.0 0.0  0.0 0.0 0.0  1.0 1.0 1.0  m:{0.993611 0.041444 0.104977 0.0  -0.009631 0.957882 -0.287001 0.0  -0.11245 0.284157 0.952161 0.0  3.674258 -8.614872 4.352829 1.0 }
"Joint_3_2"  -0.0 0.0 0.0  0.0 0.0 0.0  0.0 0.0 0.0  0.0 0.0 0.0  1.0 1.0 1.0  m:{0.986649 0.033701 -0.159337 0.0  -0.09326 0.918981 -0.383115 0.0  0.133517 0.392859 0.909854 0.0  -2.325298 -9.332707 7.315254 1.0 }
"Joint_4_2"  -0.0 0.0 0.0  0.0 0.0 0.0  0.0 0.0 0.0  0.0 0.0 0.0  1.0 1.0 1.0  m:{0.999599 -0.022306 -0.017443 0.0  0.021705 0.99919 -0.033888 0.0  0.018185 0.033496 0.999273 0.0  -0.808097 -0.808019 0.583151 1.0 }
"Joint_2_3"  -0.0 0.0 0.0  0.0 0.0 0.0  0.0 0.0 0.0  0.0 0.0 0.0  1.0 1.0 1.0  m:{1.0 0.0 -0.0 0.0  -0.0 1.0 0.0 0.0  0.0 -0.0 1.0 0.0  -0.000003 0.000003 -0.000001 1.0 }
"Joint_3_3"  -0.0 0.0 0.0  0.0 0.0 0.0  0.0 0.0 0.0  0.0 0.0 0.0  1.0 1.0 1.0  m:{1.0 -0.0 0.0 0.0  0.0 1.0 -0.0 0.0  -0.0 0.0 1.0 0.0  0.000001 -0.000001 -0.0 1.0 }
"Joint_4_3"  -0.0 0.0 0.0  0.0 0.0 0.0  0.0 0.0 0.0  0.0 0.0 0.0  1.0 1.0 1.0
"Joint_5_3"  -0.0 0.0 0.0  0.0 0.0 0.0  0.0 0.0 0.0  0.0 0.0 0.0  1.0 1.0 1.0
"Joint_3_4"  -0.0 0.0 0.0  0.0 0.0 0.0  0.0 0.0 0.0  0.0 0.0 0.0  1.0 1.0 1.0
"Joint_4_4"  -0.0 0.0 0.0  0.0 0.0 0.0  0.0 0.0 0.0  0.0 0.0 0.0  1.0 1.0 1.0
"Joint_5_4"  -0.0 0.0 0.0  0.0 0.0 0.0  0.0 0.0 0.0  0.0 0.0 0.0  1.0 1.0 1.0
"Joint_2_4"  -0.0 0.0 0.0  0.0 0.0 0.0  0.0 0.0 0.0  0.0 0.0 0.0  1.0 1.0 1.0  m:{0.985503 0.061327 0.158185 0.0  -0.068082 0.996969 0.03764 0.0  -0.155398 -0.047864 0.986692 0.0  6.001539 1.969047 0.805975 1.0 }
"Joint_3_5"  -0.0 0.0 0.0  0.0 0.0 0.0  0.0 0.0 0.0  0.0 0.0 0.0  1.0 1.0 1.0  m:{0.97731 -0.011677 -0.211494 0.0  0.011201 0.999931 -0.003452 0.0  0.21152 0.001005 0.977373 0.0  -8.246703 -0.060372 0.490354 1.0 }
"basemesh_tr0"  -0.0 0.0 0.0  0.0 0.0 0.0  0.0 0.0 0.0  0.0 0.0 0.0  1.0 1.0 1.0
Frame: 7 17 "C4D Animation Take 185"
"Joint_1"  -0.0 0.0 0.0  0.0 0.0 0.0  0.0 0.0 0.0  0.0 0.0 0.0  1.0 1.0 1.0  m:{1.0 0.0 0.0 0.0  0.0 1.0 -0.0 0.0  -0.0 0.0 1.0 0.0  0.000003 -0.000003 0.000001 1.0 }
"Joint_2"  -0.0 0.0 0.0  0.0 0.0 0.0  0.0 0.0 0.0  0.0 0.0 0.0  1.0 1.0 1.0  m:{0.79916 -0.139342 0.584745 0.0  0.123756 0.990062 0.066792 0.0  -0.588241 0.018988 0.808463 0.0  19.556505 -1.104627 8.468299 1.0 }
"Joint_3"  -0.0 0.0 0.0  0.0 0.0 0.0  0.0 0.0 0.0  0.0 0.0 0.0  1.0 1.0 1.0  m:{0.941259 -0.102798 -0.321658 0.0  0.241747 0.870202 0.42931 0.0  0.235775 -0.481852 0.843937 0.0  -3.279645 11.100144 9.285573 1.0 }
"Joint_4"  -0.0 0.0 0.0  0.0 0.0 0.0  0.0 0.0 0.0  0.0 0.0 0.0  1.0 1.0 1.0  m:{0.998029 0.050509 -0.037246 0.0  -0.046402 0.993503 0.103917 0.0  0.042253 -0.101984 0.993888 0.0  -1.823537 2.366762 1.932837 1.0 }
"Joint_2_2"  -0.0 0.0 0.0  0.0 0.0 0.0  0.0 0.0 0.0  0.0 0.0 0.0  1.0 1.0 1.0  m:{0.98917 0.044849 0.139754 0.0  -0.004054 0.960156 -0.279434 0.0  -0.146718 0.275841 0.94994 0.0  4.714174 -8.358731 4.458694 1.0 }
"Joint_3_2"  -0.0 0.0 0.0  0.0 0.0 0.0  0.0 0.0 0.0  0.0 0.0 0.0  1.0 1.0 1.0  m:{0.986649 0.033701 -0.159337 0.0  -0.09326 0.918981 -0.383115 0.0  0.133517 0.392859 0.909854 0.0  -2.325298 -9.332707 7.315254 1.0 }
"Joint_4_2"  -0.0 0.0 0.0  0.0 0.0 0.0  0.0 0.0 0.0  0.0 0.0 0.0  1.0 1.0 1.0  m:{0.999599 -0.022306 -0.017443 0.0  0.021705 0.99919 -0.033888 0.0  0.018185 0.033496 0.999273 0.0  -0.808097 -0.808019 0.583151 1.0 }
"Joint_2_3"  -0.0 0.0 0.0  0.0 0.0 0.0  0.0 0.0 0.0  0.0 0.0 0.0  1.0 1.0 1.0  m:{1.0 0.0 -0.0 0.0  -0.0 1.0 0.0 0.0  0.0 -0.0 1.0 0.0  -0.000003 0.000003 -0.000001 1.0 }
"Joint_3_3"  -0.0 0.0 0.0  0.0 0.0 0.0  0.0 0.0 0.0  0.0 0.0 0.0  1.0 1.0 1.0  m:{1.0 -0.0 0.0 0.0  0.0 1.0 -0.0 0.0  -0.0 0.0 1.0 0.0  0.000001 -0.000001 -0.0 1.0 }
"Joint_4_3"  -0.0 0.0 0.0  0.0 0.0 0.0  0.0 0.0 0.0  0.0 0.0 0.0  1.0 1.0 1.0
"Joint_5_3"  -0.0 0.0 0.0  0.0 0.0 0.0  0.0 0.0 0.0  0.0 0.0 0.0  1.0 1.0 1.0
"Joint_3_4"  -0.0 0.0 0.0  0.0 0.0 0.0  0.0 0.0 0.0  0.0 0.0 0.0  1.0 1.0 1.0
"Joint_4_4"  -0.0 0.0 0.0  0.0 0.0 0.0  0.0 0.0 0.0  0.0 0.0 0.0  1.0 1.0 1.0
"Joint_5_4"  -0.0 0.0 0.0  0.0 0.0 0.0  0.0 0.0 0.0  0.0 0.0 0.0  1.0 1.0 1.0
"Joint_2_4"  -0.0 0.0 0.0  0.0 0.0 0.0  0.0 0.0 0.0  0.0 0.0 0.0  1.0 1.0 1.0  m:{0.984308 0.060826 0.165642 0.0  -0.069606 0.996433 0.047717 0.0  -0.162148 -0.058498 0.985031 0.0  6.261222 2.38064 0.884059 1.0 }
"Joint_3_5"  -0.0 0.0 0.0  0.0 0.0 0.0  0.0 0.0 0.0  0.0 0.0 0.0  1.0 1.0 1.0  m:{0.97731 -0.011677 -0.211494 0.0  0.011201 0.999931 -0.003452 0.0  0.21152 0.001005 0.977373 0.0  -8.246703 -0.060372 0.490354 1.0 }
"basemesh_tr0"  -0.0 0.0 0.0  0.0 0.0 0.0  0.0 0.0 0.0  0.0 0.0 0.0  1.0 1.0 1.0
Frame: 8 17 "C4D Animation Take 186"
"Joint_1"  -0.0 0.0 0.0  0.0 0.0 0.0  0.0 0.0 0.0  0.0 0.0 0.0  1.0 1.0 1.0  m:{1.0 0.0 0.0 0.0  0.0 1.0 -0.0 0.0  -0.0 0.0 1.0 0.0  0.000003 -0.000003 0.000001 1.0 }
"Joint_2"  -0.0 0.0 0.0  0.0 0.0 0.0  0.0 0.0 0.0  0.0 0.0 0.0  1.0 1.0 1.0  m:{0.699282 -0.117072 0.705194 0.0  0.120643 0.991675 0.045001 0.0  -0.704592 0.053608 0.707585 0.0  22.990612 -2.143897 11.860416 1.0 }
"Joint_3"  -0.0 0.0 0.0  0.0 0.0 0.0  0.0 0.0 0.0  0.0 0.0 0.0  1.0 1.0 1.0  m:{0.944848 -0.092719 -0.31411 0.0  0.233807 0.862563 0.448685 0.0  0.229338 -0.497381 0.83667 0.0  -3.202939 11.448356 9.773747 1.0 }
"Joint_4"  -0.0 0.0 0.0  0.0 0.0 0.0  0.0 0.0 0.0  0.0 0.0 0.0  1.0 1.0 1.0  m:{0.998044 0.050804 -0.036433 0.0  -0.046832 0.993616 0.102631 0.0  0.041414 -0.100724 0.994052 0.0  -1.811589 2.339854 1.907519 1.0 }
"Joint_2_2"  -0.0 0.0 0.0  0.0 0.0 0.0  0.0 0.0 0.0  0.0 0.0 0.0  1.0 1.0 1.0  m:{0.981272 0.04856 0.186408 0.0  0.003593 0.962922 -0.269756 0.0  -0.192596 0.265374 0.944713 0.0  6.099275 -8.037085 4.676862 1.0 }
"Joint_3_2"  -0.0 0.0 0.0  0.0 0.0 0.0  0.0 0.0 0.0  0.0 0.0 0.0  1.0 1.0 1.0  m:{0.986649 0.033701 -0.159337 0.0  -0.09326 0.918981 -0.383115 0.0  0.133517 0.392859 0.909854 0.0  -2.325298 -9.332707 7.315254 1.0 }
"Joint_4_2"  -0.0 0.0 0.0  0.0 0.0 0.0  0.0 0.0 0.0  0.0 0.0 0.0  1.0 1.0 1.0  m:{0.999599 -0.022306 -0.017443 0.0  0.021705 0.99919 -0.033888 0.0  0.018185 0.033496 0.999273 0.0  -0.808097 -0.808019 0.583151 1.0 }
"Joint_2_3"  -0.0 0.0 0.0  0.0 0.0 0.0  0.0 0.0 0.0  0.0 0.0 0.0  1.0 1.0 1.0  m:{1.0 0.0 -0.0 0.0  -0.0 1.0 0.0 0.0  0.0 -0.0 1.0 0.0  -0.000003 0.000003 -0.000001 1.0 }
"Joint_3_3"  -0.0 0.0 0.0  0.0 0.0 0.0  0.0 0.0 0.0  0.0 0.0 0.0  1.0 1.0 1.0  m:{1.0 -0.0 0.0 0.0  0.0 1.0 -0.0 0.0  -0.0 0.0 1.0 0.0  0.000001 -0.000001 -0.0 1.0 }
"Joint_4_3"  -0.0 0.0 0.0  0.0 0.0 0.0  0.0 0.0 0.0  0.0 0.0 0.0  1.0 1.0 1.0
"Joint_5_3"  -0.0 0.0 0.0  0.0 0.0 0.0  0.0 0.0 0.0  0.0 0.0 0.0  1.0 1.0 1.0
"Joint_3_4"  -0.0 0.0 0.0  0.0 0.0 0.0  0.0 0.0 0.0  0.0 0.0 0.0  1.0 1.0 1.0
"Joint_4_4"  -0.0 0.0 0.0  0.0 0.0 0.0  0.0 0.0 0.0  0.0 0.0 0.0  1.0 1.0 1.0
"Joint_5_4"  -0.0 0.0 0.0  0.0 0.0 0.0  0.0 0.0 0.0  0.0 0.0 0.0  1.0 1.0 1.0
"Joint_2_4"  -0.0 0.0 0.0  0.0 0.0 0.0  0.0 0.0 0.0  0.0 0.0 0.0  1.0 1.0 1.0  m:{0.983045 0.059289 0.173515 0.0  -0.070387 0.995802 0.058512 0.0  -0.169318 -0.069733 0.983092 0.0  6.537015 2.813634 0.973712 1.0 }
"Joint_3_5"  -0.0 0.0 0.0  0.0 0.0 0.0  0.0 0.0 0.0  0.0 0.0 0.0  1.0 1.0 1.0  m:{0.97731 -0.011677 -0.211494 0.0  0.011201 0.999931 -0.003452 0.0  0.21152 0.001005 0.977373 0.0  -8.246703 -0.060372 0.490354 1.0 }
"basemesh_tr0"  -0.0 0.0 0.0  0.0 0.0 0.0  0.0 0.0 0.0  0.0 0.0 0.0  1.0 1.0 1.0
Frame: 9 17 "C4D Animation Take 187"
"Joint_1"  -0.0 0.0 0.0  0.0 0.0 0.0  0.0 0.0 0.0  0.0 0.0 0.0  1.0 1.0 1.0  m:{1.0 0.0 0.0 0.0  0.0 1.0 -0.0 0.0  -0.0 0.0 1.0 0.0  0.000003 -0.000003 0.000001 1.0 }
"Joint_2"  -0.0 0.0 0.0  0.0 0.0 0.0  0.0 0.0 0.0  0.0 0.0 0.0  1.0 1.0 1.0  m:{0.587618 -0.085697 0.804588 0.0  0.099757 0.994462 0.033065 0.0  -0.802966 0.060834 0.592913 0.0  25.64299 -2.261449 15.730534 1.0 }
"Joint_3"  -0.0 0.0 0.0  0.0 0.0 0.0  0.0 0.0 0.0  0.0 0.0 0.0  1.0 1.0 1.0  m:{0.950475 -0.079052 -0.300579 0.0  0.220351 0.853433 0.472331 0.0  0.219186 -0.515172 0.828586 0.0  -3.094987 11.848124 10.360383 1.0 }
"Joint_4"  -0.0 0.0 0.0  0.0 0.0 0.0  0.0 0.0 0.0  0.0 0.0 0.0  1.0 1.0 1.0  m:{0.998048 0.050881 -0.036222 0.0  -0.046944 0.993646 0.102297 0.0  0.041197 -0.100397 0.994094 0.0  -1.80848 2.332878 1.900966 1.0 }
"Joint_2_2"  -0.0 0.0 0.0  0.0 0.0 0.0  0.0 0.0 0.0  0.0 0.0 0.0  1.0 1.0 1.0  m:{0.967583 0.051974 0.247149 0.0  0.014002 0.96605 -0.257974 0.0  -0.252166 0.253072 0.934006 0.0  7.883843 -7.660701 5.093184 1.0 }
"Joint_3_2"  -0.0 0.0 0.0  0.0 0.0 0.0  0.0 0.0 0.0  0.0 0.0 0.0  1.0 1.0 1.0  m:{0.986649 0.033701 -0.159337 0.0  -0.09326 0.918981 -0.383115 0.0  0.133517 0.392859 0.909854 0.0  -2.325298 -9.332707 7.315254 1.0 }
"Joint_4_2"  -0.0 0.0 0.0  0.0 0.0 0.0  0.0 0.0 0.0  0.0 0.0 0.0  1.0 1.0 1.0  m:{0.999599 -0.022306 -0.017443 0.0  0.021705 0.99919 -0.033888 0.0  0.018185 0.033496 0.999273 0.0  -0.808097 -0.808019 0.583151 1.0 }
"Joint_2_3"  -0.0 0.0 0.0  0.0 0.0 0.0  0.0 0.0 0.0  0.0 0.0 0.0  1.0 1.0 1.0  m:{1.0 0.0 -0.0 0.0  -0.0 1.0 0.0 0.0  0.0 -0.0 1.0 0.0  -0.000003 0.000003 -0.000001 1.0 }
"Joint_3_3"  -0.0 0.0 0.0  0.0 0.0 0.0  0.0 0.0 0.0  0.0 0.0 0.0  1.0 1.0 1.0  m:{1.0 -0.0 0.0 0.0  0.0 1.0 -0.0 0.0  -0.0 0.0 1.0 0.0  0.000001 -0.000001 -0.0 1.0 }
"Joint_4_3"  -0.0 0.0 0.0  0.0 0.0 0.0  0.0 0.0 0.0  0.0 0.0 0.0  1.0 1.0 1.0
"Joint_5_3"  -0.0 0.0 0.0  0.0 0.0 0.0  0.0 0.0 0.0  0.0 0.0 0.0  1.0 1.0 1.0
"Joint_3_4"  -0.0 0.0 0.0  0.0 0.0 0.0  0.0 0.0 0.0  0.0 0.0 0.0  1.0 1.0 1.0
"Joint_4_4"  -0.0 0.0 0.0  0.0 0.0 0.0  0.0 0.0 0.0  0.0 0.0 0.0  1.0 1.0 1.0
"Joint_5_4"  -0.0 0.0 0.0  0.0 0.0 0.0  0.0 0.0 0.0  0.0 0.0 0.0  1.0 1.0 1.0
"Joint_2_4"  -0.0 0.0 0.0  0.0 0.0 0.0  0.0 0.0 0.0  0.0 0.0 0.0  1.0 1.0 1.0  m:{0.981727 0.056832 0.181608 0.0  -0.070511 0.995068 0.069771 0.0  -0.176747 -0.081301 0.980893 0.0  6.822792 3.257876 1.073824 1.0 }
"Joint_3_5"  -0.0 0.0 0.0  0.0 0.0 0.0  0.0 0.0 0.0  0.0 0.0 0.0  1.0 1.0 1.0  m:{0.97731 -0.011677 -0.211494 0.0  0.011201 0.999931 -0.003452 0.0  0.21152 0.001005 0.977373 0.0  -8.246703 -0.060372 0.490354 1.0 }
"basemesh_tr0"  -0.0 0.0 0.0  0.0 0.0 0.0  0.0 0.0 0.0  0.0 0.0 0.0  1.0 1.0 1.0
Frame: 10 17 "C4D Animation Take 188"
"Joint_1"  -0.0 0.0 0.0  0.0 0.0 0.0  0.0 0.0 0.0  0.0 0.0 0.0  1.0 1.0 1.0  m:{1.0 0.0 0.0 0.0  0.0 1.0 -0.0 0.0  -0.0 0.0 1.0 0.0  0.000003 -0.000003 0.000001 1.0 }
"Joint_2"  -0.0 0.0 0.0  0.0 0.0 0.0  0.0 0.0 0.0  0.0 0.0 0.0  1.0 1.0 1.0  m:{0.472501 -0.053803 0.879686 0.0  0.061184 0.997729 0.028159 0.0  -0.879204 0.040518 0.47472 0.0  27.404016 -1.48352 19.711014 1.0 }
"Joint_3"  -0.0 0.0 0.0  0.0 0.0 0.0  0.0 0.0 0.0  0.0 0.0 0.0  1.0 1.0 1.0  m:{0.957477 -0.062295 -0.281705 0.0  0.201697 0.842689 0.499193 0.0  0.206292 -0.534785 0.81942 0.0  -2.979918 12.284246 11.036356 1.0 }
"Joint_4"  -0.0 0.0 0.0  0.0 0.0 0.0  0.0 0.0 0.0  0.0 0.0 0.0  1.0 1.0 1.0  m:{0.998042 0.050772 -0.036521 0.0  -0.046786 0.993604 0.102769 0.0  0.041505 -0.10086 0.994035 0.0  -1.81288 2.342755 1.910245 1.0 }
"Joint_2_2"  -0.0 0.0 0.0  0.0 0.0 0.0  0.0 0.0 0.0  0.0 0.0 0.0  1.0 1.0 1.0  m:{0.944402 0.054146 0.324303 0.0  0.028327 0.96928 -0.244323 0.0  -0.327569 0.239926 0.913857 0.0  10.116118 -7.261702 5.843416 1.0 }
"Joint_3_2"  -0.0 0.0 0.0  0.0 0.0 0.0  0.0 0.0 0.0  0.0 0.0 0.0  1.0 1.0 1.0  m:{0.986649 0.033701 -0.159337 0.0  -0.09326 0.918981 -0.383115 0.0  0.133517 0.392859 0.909854 0.0  -2.325298 -9.332707 7.315254 1.0 }
"Joint_4_2"  -0.0 0.0 0.0  0.0 0.0 0.0  0.0 0.0 0.0  0.0 0.0 0.0  1.0 1.0 1.0  m:{0.999599 -0.022306 -0.017443 0.0  0.021705 0.99919 -0.033888 0.0  0.018185 0.033496 0.999273 0.0  -0.808097 -0.808019 0.583151 1.0 }
"Joint_2_3"  -0.0 0.0 0.0  0.0 0.0 0.0  0.0 0.0 0.0  0.0 0.0 0.0  1.0 1.0 1.0  m:{1.0 0.0 -0.0 0.0  -0.0 1.0 0.0 0.0  0.0 -0.0 1.0 0.0  -0.000003 0.000003 -0.000001 1.0 }
"Joint_3_3"  -0.0 0.0 0.0  0.0 0.0 0.0  0.0 0.0 0.0  0.0 0.0 0.0  1.0 1.0 1.0  m:{1.0 -0.0 0.0 0.0  0.0 1.0 -0.0 0.0  -0.0 0.0 1.0 0.0  0.000001 -0.000001 -0.0 1.0 }
"Joint_4_3"  -0.0 0.0 0.0  0.0 0.0 0.0  0.0 0.0 0.0  0.0 0.0 0.0  1.0 1.0 1.0
"Joint_5_3"  -0.0 0.0 0.0  0.0 0.0 0.0  0.0 0.0 0.0  0.0 0.0 0.0  1.0 1.0 1.0
"Joint_3_4"  -0.0 0.0 0.0  0.0 0.0 0.0  0.0 0.0 0.0  0.0 0.0 0.0  1.0 1.0 1.0
"Joint_4_4"  -0.0 0.0 0.0  0.0 0.0 0.0  0.0 0.0 0.0  0.0 0.0 0.0  1.0 1.0 1.0
"Joint_5_4"  -0.0 0.0 0.0  0.0 0.0 0.0  0.0 0.0 0.0  0.0 0.0 0.0  1.0 1.0 1.0
"Joint_2_4"  -0.0 0.0 0.0  0.0 0.0 0.0  0.0 0.0 0.0  0.0 0.0 0.0  1.0 1.0 1.0  m:{0.980378 0.053606 0.1897 0.0  -0.070077 0.994231 0.081205 0.0  -0.184253 -0.092905 0.978478 0.0  7.111484 3.702091 1.182311 1.0 }
"Joint_3_5"  -0.0 0.0 0.0  0.0 0.0 0.0  0.0 0.0 0.0  0.0 0.0 0.0  1.0 1.0 1.0  m:{0.97731 -0.011677 -0.211494 0.0  0.011201 0.999931 -0.003452 0.0  0.21152 0.001005 0.977373 0.0  -8.246703 -0.060372 0.490354 1.0 }
"basemesh_tr0"  -0.0 0.0 0.0  0.0 0.0 0.0  0.0 0.0 0.0  0.0 0.0 0.0  1.0 1.0 1.0
Frame: 11 17 "C4D Animation Take 189"
"Joint_1"  -0.0 0.0 0.0  0.0 0.0 0.0  0.0 0.0 0.0  0.0 0.0 0.0  1.0 1.0 1.0  m:{1.0 0.0 0.0 0.0  0.0 1.0 -0.0 0.0  -0.0 0.0 1.0 0.0  0.000003 -0.000003 0.000001 1.0 }
"Joint_2"  -0.0 0.0 0.0  0.0 0.0 0.0  0.0 0.0 0.0  0.0 0.0 0.0  1.0 1.0 1.0  m:{0.362626 -0.028414 0.931502 0.0  0.007334 0.999591 0.027636 0.0  -0.931906 -0.00319 0.362686 0.0  28.276114 0.018033 23.467304 1.0 }
"Joint_3"  -0.0 0.0 0.0  0.0 0.0 0.0  0.0 0.0 0.0  0.0 0.0 0.0  1.0 1.0 1.0  m:{0.96505 -0.043179 -0.258485 0.0  0.178545 0.830334 0.52789 0.0  0.191835 -0.555591 0.809023 0.0  -2.882573 12.737519 11.783775 1.0 }
"Joint_4"  -0.0 0.0 0.0  0.0 0.0 0.0  0.0 0.0 0.0  0.0 0.0 0.0  1.0 1.0 1.0  m:{0.998029 0.05051 -0.037244 0.0  -0.046403 0.993503 0.103913 0.0  0.04225 -0.10198 0.993889 0.0  -1.8235 2.366677 1.932757 1.0 }
"Joint_2_2"  -0.0 0.0 0.0  0.0 0.0 0.0  0.0 0.0 0.0  0.0 0.0 0.0  1.0 1.0 1.0  m:{0.906166 0.0538 0.419486 0.0  0.048503 0.972111 -0.229449 0.0  -0.420131 0.228265 0.878285 0.0  12.806149 -6.913992 7.1297 1.0 }
"Joint_3_2"  -0.0 0.0 0.0  0.0 0.0 0.0  0.0 0.0 0.0  0.0 0.0 0.0  1.0 1.0 1.0  m:{0.986649 0.033701 -0.159337 0.0  -0.09326 0.918981 -0.383115 0.0  0.133517 0.392859 0.909854 0.0  -2.325298 -9.332707 7.315254 1.0 }
"Joint_4_2"  -0.0 0.0 0.0  0.0 0.0 0.0  0.0 0.0 0.0  0.0 0.0 0.0  1.0 1.0 1.0  m:{0.999599 -0.022306 -0.017443 0.0  0.021705 0.99919 -0.033888 0.0  0.018185 0.033496 0.999273 0.0  -0.808097 -0.808019 0.583151 1.0 }
"Joint_2_3"  -0.0 0.0 0.0  0.0 0.0 0.0  0.0 0.0 0.0  0.0 0.0 0.0  1.0 1.0 1.0  m:{1.0 0.0 -0.0 0.0  -0.0 1.0 0.0 0.0  0.0 -0.0 1.0 0.0  -0.000003 0.000003 -0.000001 1.0 }
"Joint_3_3"  -0.0 0.0 0.0  0.0 0.0 0.0  0.0 0.0 0.0  0.0 0.0 0.0  1.0 1.0 1.0  m:{1.0 -0.0 0.0 0.0  0.0 1.0 -0.0 0.0  -0.0 0.0 1.0 0.0  0.000001 -0.000001 -0.0 1.0 }
"Joint_4_3"  -0.0 0.0 0.0  0.0 0.0 0.0  0.0 0.0 0.0  0.0 0.0 0.0  1.0 1.0 1.0
"Joint_5_3"  -0.0 0.0 0.0  0.0 0.0 0.0  0.0 0.0 0.0  0.0 0.0 0.0  1.0 1.0 1.0
"Joint_3_4"  -0.0 0.0 0.0  0.0 0.0 0.0  0.0 0.0 0.0  0.0 0.0 0.0  1.0 1.0 1.0
"Joint_4_4"  -0.0 0.0 0.0  0.0 0.0 0.0  0.0 0.0 0.0  0.0 0.0 0.0  1.0 1.0 1.0
"Joint_5_4"  -0.0 0.0 0.0  0.0 0.0 0.0  0.0 0.0 0.0  0.0 0.0 0.0  1.0 1.0 1.0
"Joint_2_4"  -0.0 0.0 0.0  0.0 0.0 0.0  0.0 0.0 0.0  0.0 0.0 0.0  1.0 1.0 1.0  m:{0.979027 0.049809 0.197548 0.0  -0.069195 0.993308 0.092477 0.0  -0.19162 -0.104206 0.975922 0.0  7.394789 4.133544 1.295862 1.0 }
"Joint_3_5"  -0.0 0.0 0.0  0.0 0.0 0.0  0.0 0.0 0.0  0.0 0.0 0.0  1.0 1.0 1.0  m:{0.97731 -0.011677 -0.211494 0.0  0.011201 0.999931 -0.003452 0.0  0.21152 0.001005 0.977373 0.0  -8.246703 -0.060372 0.490354 1.0 }
"basemesh_tr0"  -0.0 0.0 0.0  0.0 0.0 0.0  0.0 0.0 0.0  0.0 0.0 0.0  1.0 1.0 1.0
Frame: 12 17 "C4D Animation Take 190"
"Joint_1"  -0.0 0.0 0.0  0.0 0.0 0.0  0.0 0.0 0.0  0.0 0.0 0.0  1.0 1.0 1.0  m:{1.0 0.0 0.0 0.0  0.0 1.0 -0.0 0.0  -0.0 0.0 1.0 0.0  0.000003 -0.000003 0.000001 1.0 }
"Joint_2"  -0.0 0.0 0.0  0.0 0.0 0.0  0.0 0.0 0.0  0.0 0.0 0.0  1.0 1.0 1.0  m:{0.265713 -0.013521 0.963957 0.0  -0.057162 0.997921 0.029754 0.0  -0.962356 -0.063008 0.264387 0.0  28.366476 1.976684 26.749523 1.0 }
"Joint_3"  -0.0 0.0 0.0  0.0 0.0 0.0  0.0 0.0 0.0  0.0 0.0 0.0  1.0 1.0 1.0  m:{0.97235 -0.022757 -0.232418 0.0  0.152182 0.816645 0.556714 0.0  0.177134 -0.576691 0.797528 0.0  -2.823699 13.184123 12.571117 1.0 }
"Joint_4"  -0.0 0.0 0.0  0.0 0.0 0.0  0.0 0.0 0.0  0.0 0.0 0.0  1.0 1.0 1.0  m:{0.998008 0.050122 -0.038312 0.0  -0.045834 0.993351 0.105605 0.0  0.04335 -0.103638 0.99367 0.0  -1.839111 2.402054 1.966151 1.0 }
"Joint_2_2"  -0.0 0.0 0.0  0.0 0.0 0.0  0.0 0.0 0.0  0.0 0.0 0.0  1.0 1.0 1.0  m:{0.845735 0.049783 0.531276 0.0  0.077515 0.973615 -0.214627 0.0  -0.527943 0.222699 0.819561 0.0  15.846624 -6.760358 9.20707 1.0 }
"Joint_3_2"  -0.0 0.0 0.0  0.0 0.0 0.0  0.0 0.0 0.0  0.0 0.0 0.0  1.0 1.0 1.0  m:{0.986649 0.033701 -0.159337 0.0  -0.09326 0.918981 -0.383115 0.0  0.133517 0.392859 0.909854 0.0  -2.325298 -9.332707 7.315254 1.0 }
"Joint_4_2"  -0.0 0.0 0.0  0.0 0.0 0.0  0.0 0.0 0.0  0.0 0.0 0.0  1.0 1.0 1.0  m:{0.999599 -0.022306 -0.017443 0.0  0.021705 0.99919 -0.033888 0.0  0.018185 0.033496 0.999273 0.0  -0.808097 -0.808019 0.583151 1.0 }
"Joint_2_3"  -0.0 0.0 0.0  0.0 0.0 0.0  0.0 0.0 0.0  0.0 0.0 0.0  1.0 1.0 1.0  m:{1.0 0.0 -0.0 0.0  -0.0 1.0 0.0 0.0  0.0 -0.0 1.0 0.0  -0.000003 0.000003 -0.000001 1.0 }
"Joint_3_3"  -0.0 0.0 0.0  0.0 0.0 0.0  0.0 0.0 0.0  0.0 0.0 0.0  1.0 1.0 1.0  m:{1.0 -0.0 0.0 0.0  0.0 1.0 -0.0 0.0  -0.0 0.0 1.0 0.0  0.000001 -0.000001 -0.0 1.0 }
"Joint_4_3"  -0.0 0.0 0.0  0.0 0.0 0.0  0.0 0.0 0.0  0.0 0.0 0.0  1.0 1.0 1.0
"Joint_5_3"  -0.0 0.0 0.0  0.0 0.0 0.0  0.0 0.0 0.0  0.0 0.0 0.0  1.0 1.0 1.0
"Joint_3_4"  -0.0 0.0 0.0  0.0 0.0 0.0  0.0 0.0 0.0  0.0 0.0 0.0  1.0 1.0 1.0
"Joint_4_4"  -0.0 0.0 0.0  0.0 0.0 0.0  0.0 0.0 0.0  0.0 0.0 0.0  1.0 1.0 1.0
"Joint_5_4"  -0.0 0.0 0.0  0.0 0.0 0.0  0.0 0.0 0.0  0.0 0.0 0.0  1.0 1.0 1.0
"Joint_2_4"  -0.0 0.0 0.0  0.0 0.0 0.0  0.0 0.0 0.0  0.0 0.0 0.0  1.0 1.0 1.0  m:{0.977721 0.045695 0.204876 0.0  -0.068 0.992335 0.103184 0.0  -0.198591 -0.114817 0.973334 0.0  7.662811 4.537605 1.409665 1.0 }
"Joint_3_5"  -0.0 0.0 0.0  0.0 0.0 0.0  0.0 0.0 0.0  0.0 0.0 0.0  1.0 1.0 1.0  m:{0.97731 -0.011677 -0.211494 0.0  0.011201 0.999931 -0.003452 0.0  0.21152 0.001005 0.977373 0.0  -8.246703 -0.060372 0.490354 1.0 }
"basemesh_tr0"  -0.0 0.0 0.0  0.0 0.0 0.0  0.0 0.0 0.0  0.0 0.0 0.0  1.0 1.0 1.0
Frame: 13 17 "C4D Animation Take 191"
"Joint_1"  -0.0 0.0 0.0  0.0 0.0 0.0  0.0 0.0 0.0  0.0 0.0 0.0  1.0 1.0 1.0  m:{1.0 0.0 0.0 0.0  0.0 1.0 -0.0 0.0  -0.0 0.0 1.0 0.0  0.000003 -0.000003 0.000001 1.0 }
"Joint_2"  -0.0 0.0 0.0  0.0 0.0 0.0  0.0 0.0 0.0  0.0 0.0 0.0  1.0 1.0 1.0  m:{0.187382 -0.009607 0.98224 0.0  -0.125837 0.991478 0.033703 0.0  -0.974194 -0.129918 0.184576 0.0  27.869728 4.088057 29.411432 1.0 }
"Joint_3"  -0.0 0.0 0.0  0.0 0.0 0.0  0.0 0.0 0.0  0.0 0.0 0.0  1.0 1.0 1.0  m:{0.978625 -0.002493 -0.205638 0.0  0.124687 0.80237 0.583657 0.0  0.163543 -0.596822 0.78553 0.0  -2.813791 13.595647 13.348275 1.0 }
"Joint_4"  -0.0 0.0 0.0  0.0 0.0 0.0  0.0 0.0 0.0  0.0 0.0 0.0  1.0 1.0 1.0  m:{0.99798 0.049636 -0.039652 0.0  -0.045115 0.993156 0.107731 0.0  0.044728 -0.105725 0.993389 0.0  -1.858554 2.446472 2.008254 1.0 }
"Joint_2_2"  -0.0 0.0 0.0  0.0 0.0 0.0  0.0 0.0 0.0  0.0 0.0 0.0  1.0 1.0 1.0  m:{0.758536 0.042571 0.650239 0.0  0.118358 0.972265 -0.201724 0.0  -0.640792 0.229976 0.732459 0.0  18.870735 -7.002199 12.232379 1.0 }
"Joint_3_2"  -0.0 0.0 0.0  0.0 0.0 0.0  0.0 0.0 0.0  0.0 0.0 0.0  1.0 1.0 1.0  m:{0.986649 0.033701 -0.159337 0.0  -0.09326 0.918981 -0.383115 0.0  0.133517 0.392859 0.909854 0.0  -2.325298 -9.332707 7.315254 1.0 }
"Joint_4_2"  -0.0 0.0 0.0  0.0 0.0 0.0  0.0 0.0 0.0  0.0 0.0 0.0  1.0 1.0 1.0  m:{0.999599 -0.022306 -0.017443 0.0  0.021705 0.99919 -0.033888 0.0  0.018185 0.033496 0.999273 0.0  -0.808097 -0.808019 0.583151 1.0 }
"Joint_2_3"  -0.0 0.0 0.0  0.0 0.0 0.0  0.0 0.0 0.0  0.0 0.0 0.0  1.0 1.0 1.0  m:{1.0 0.0 -0.0 0.0  -0.0 1.0 0.0 0.0  0.0 -0.0 1.0 0.0  -0.000003 0.000003 -0.000001 1.0 }
"Joint_3_3"  -0.0 0.0 0.0  0.0 0.0 0.0  0.0 0.0 0.0  0.0 0.0 0.0  1.0 1.0 1.0  m:{1.0 -0.0 0.0 0.0  0.0 1.0 -0.0 0.0  -0.0 0.0 1.0 0.0  0.000001 -0.000001 -0.0 1.0 }
"Joint_4_3"  -0.0 0.0 0.0  0.0 0.0 0.0  0.0 0.0 0.0  0.0 0.0 0.0  1.0 1.0 1.0
"Joint_5_3"  -0.0 0.0 0.0  0.0 0.0 0.0  0.0 0.0 0.0  0.0 0.0 0.0  1.0 1.0 1.0
"Joint_3_4"  -0.0 0.0 0.0  0.0 0.0 0.0  0.0 0.0 0.0  0.0 0.0 0.0  1.0 1.0 1.0
"Joint_4_4"  -0.0 0.0 0.0  0.0 0.0 0.0  0.0 0.0 0.0  0.0 0.0 0.0  1.0 1.0 1.0
"Joint_5_4"  -0.0 0.0 0.0  0.0 0.0 0.0  0.0 0.0 0.0  0.0 0.0 0.0  1.0 1.0 1.0
"Joint_2_4"  -0.0 0.0 0.0  0.0 0.0 0.0  0.0 0.0 0.0  0.0 0.0 0.0  1.0 1.0 1.0  m:{0.976521 0.04159 0.21137 0.0  -0.066647 0.991375 0.112841 0.0  -0.204854 -0.124279 0.97087 0.0  7.903588 4.897138 1.51712 1.0 }
"Joint_3_5"  -0.0 0.0 0.0  0.0 0.0 0.0  0.0 0.0 0.0  0.0 0.0 0.0  1.0 1.0 1.0  m:{0.97731 -0.011677 -0.211494 0.0  0.011201 0.999931 -0.003452 0.0  0.21152 0.001005 0.977373 0.0  -8.246703 -0.060372 0.490354 1.0 }
"basemesh_tr0"  -0.0 0.0 0.0  0.0 0.0 0.0  0.0 0.0 0.0  0.0 0.0 0.0  1.0 1.0 1.0
Frame: 14 17 "C4D Animation Take 192"
"Joint_1"  -0.0 0.0 0.0  0.0 0.0 0.0  0.0 0.0 0.0  0.0 0.0 0.0  1.0 1.0 1.0  m:{1.0 0.0 0.0 0.0  0.0 1.0 -0.0 0.0  -0.0 0.0 1.0 0.0  0.000003 -0.000003 0.000001 1.0 }
"Joint_2"  -0.0 0.0 0.0  0.0 0.0 0.0  0.0 0.0 0.0  0.0 0.0 0.0  1.0 1.0 1.0  m:{0.130503 -0.014055 0.991348 0.0  -0.190745 0.980864 0.039017 0.0  -0.972926 -0.194186 0.125325 0.0  27.046936 6.050995 31.39599 1.0 }
"Joint_3"  -0.0 0.0 0.0  0.0 0.0 0.0  0.0 0.0 0.0  0.0 0.0 0.0  1.0 1.0 1.0  m:{0.983345 0.015633 -0.181075 0.0  0.099128 0.78893 0.606435 0.0  0.152336 -0.614284 0.774241 0.0  -2.846807 13.939577 14.042143 1.0 }
"Joint_4"  -0.0 0.0 0.0  0.0 0.0 0.0  0.0 0.0 0.0  0.0 0.0 0.0  1.0 1.0 1.0  m:{0.997945 0.049076 -0.041196 0.0  -0.04428 0.992924 0.110184 0.0  0.046312 -0.108134 0.993057 0.0  -1.880746 2.497671 2.057023 1.0 }
"Joint_2_2"  -0.0 0.0 0.0  0.0 0.0 0.0  0.0 0.0 0.0  0.0 0.0 0.0  1.0 1.0 1.0  m:{0.654475 0.036021 0.755225 0.0  0.168505 0.966793 -0.192138 0.0  -0.737068 0.253008 0.626672 0.0  21.234625 -7.71072 15.846191 1.0 }
"Joint_3_2"  -0.0 0.0 0.0  0.0 0.0 0.0  0.0 0.0 0.0  0.0 0.0 0.0  1.0 1.0 1.0  m:{0.986649 0.033701 -0.159337 0.0  -0.09326 0.918981 -0.383115 0.0  0.133517 0.392859 0.909854 0.0  -2.325298 -9.332707 7.315254 1.0 }
"Joint_4_2"  -0.0 0.0 0.0  0.0 0.0 0.0  0.0 0.0 0.0  0.0 0.0 0.0  1.0 1.0 1.0  m:{0.999599 -0.022306 -0.017443 0.0  0.021705 0.99919 -0.033888 0.0  0.018185 0.033496 0.999273 0.0  -0.808097 -0.808019 0.583151 1.0 }
"Joint_2_3"  -0.0 0.0 0.0  0.0 0.0 0.0  0.0 0.0 0.0  0.0 0.0 0.0  1.0 1.0 1.0  m:{1.0 0.0 -0.0 0.0  -0.0 1.0 0.0 0.0  0.0 -0.0 1.0 0.0  -0.000003 0.000003 -0.000001 1.0 }
"Joint_3_3"  -0.0 0.0 0.0  0.0 0.0 0.0  0.0 0.0 0.0  0.0 0.0 0.0  1.0 1.0 1.0  m:{1.0 -0.0 0.0 0.0  0.0 1.0 -0.0 0.0  -0.0 0.0 1.0 0.0  0.000001 -0.000001 -0.0 1.0 }
"Joint_4_3"  -0.0 0.0 0.0  0.0 0.0 0.0  0.0 0.0 0.0  0.0 0.0 0.0  1.0 1.0 1.0
